-41.1791
-100
-100
-100
-100
-100
-100
-100
-100
-100
-100
-100
-100
-100
-100
-100
-100
-100
-100
-100
-100
-100
-100
-100
-100
-100
-100
-100
-100
-100
-100
-100
-100
-100
-100
-100
-100
-57.2638
-32.9205
-27.8301
-27.2261
-28.1047
-27.3283
-28.3966
-34.0389
-52.719
-36.1525
-28.1434
-26.7594
-24.063
-20.5015
-18.2778
-17.8222
-19.5066
-21.9628
-24.1239
-27.437
-32.3681
-43.4773
-50.2705
-69.1934
-57.3289
-56.2263
-52.7399
-44.7097
-41.5174
-36.9575
-29.461
-25.5714
-24.4098
-24.1429
-24.6169
-27.5195
-32.2216
-33.7047
-36.5381
-43.0769
-66.9415
-100
-100
-100
-38.4562
-35.2852
-35.9493
-36.754
-36.5871
-36.0002
-34.251
-33.2905
-34.2274
-38.3534
-54.5329
-63.85
-45.4255
-30.2545
-25.6785
-23.8536
-24.9326
-29.3249
-32.0163
-31.3416
-31.2014
-31.2162
-31.3515
-31.8912
-32.4007
-32.6645
-31.2799
-27.4648
-24.9534
-23.9278
-23.6044
-23.6946
-24.8322
-28.9964
-42.7583
-51.203
-49.4054
-43.0361
-35.6949
-33.2881
-33.1095
-33.9591
-37.2678
-44.8163
-36.1162
-33.6325
-35.499
-38.8912
-41.4175
-42.646
-32.5361
-28.0467
-26.312
-26.8541
-29.9258
-32.1814
-31.6825
-32.0134
-33.9211
-39.0986
-43.3705
-33.5819
-30.2058
-31.3668
-36.771
-42.9632
-46.983
-73.2795
-100
-100
-100
-41.2913
-37.5323
-34.2875
-31.1298
-30.045
-28.6034
-26.1789
-25.0301
-25.5668
-26.5284
-27.3505
-27.9138
-27.9909
-28.7238
-29.548
-30.512
-31.6172
-32.6732
-34.298
-35.2893
-35.0225
-34.9109
-34.9601
-35.3179
-35.8235
-36.6928
-38.6727
-41.2648
-45.3083
-46.3763
-42.3387
-41.4851
-42.0147
-41.4492
-42.2832
-45.4465
-49.0953
-62.4818
-100
-100
-100
-100
-100
-100
-100
-100
