0.992311
0
0
0
0
0
0
0
0
0
0
0
0
0
0
0
0
0
0
0
0
0
0
0
0
0
0
0
0
0
0
0
0
0
0
0
0
0.347823
0.908747
0.92474
0.918276
0.907532
0.930191
0.944979
0.940813
0.967075
0.495597
-0.228767
0.00685958
0.883429
0.963551
0.96564
0.963221
0.954786
0.953668
0.94221
0.929183
0.908969
0.972363
0.939014
0.478601
0.855319
0.851089
0.925147
0.974422
0.980571
0.977104
0.967632
0.973696
0.969663
0.962175
0.965907
0.960128
0.983583
0.991474
0.9901
0.985786
0.845819
0
0
0
0.306779
0.0686838
-0.315353
-0.524046
-0.578064
-0.697227
-0.749281
-0.726896
-0.635052
-0.509594
0.528464
0.657314
0.81157
0.970616
0.972318
0.966297
0.966576
0.973044
0.993537
0.994961
0.995271
0.994072
0.993937
0.994243
0.993922
0.991734
0.988031
0.980888
0.981441
0.977879
0.978999
0.982263
0.980558
0.979653
0.867511
-0.221514
-0.250228
0.775423
0.975124
0.99061
0.994498
0.995496
0.990304
0.979358
0.637401
0.558238
0.53081
0.707674
0.793633
0.850072
0.973409
0.948852
0.933702
0.940495
0.959013
0.993682
0.994925
0.995168
0.995426
0.983613
0.657062
0.0466305
-0.063013
0.0147734
0.350014
0.345369
0.721072
0
0
0
0
0.832446
0.859207
0.907988
0.936071
0.945105
0.939864
0.938224
0.936818
0.943108
0.949014
0.950155
0.959273
0.962314
0.967985
0.97599
0.978779
0.986249
0.988344
0.991824
0.993177
0.994525
0.994669
0.995225
0.994743
0.993815
0.994879
0.991039
0.977113
0.946591
-0.59113
-0.773055
-0.760709
-0.715834
-0.7348
-0.720824
-0.596725
-0.513135
-0.139369
0
0
0
0
0
0
0
0
