0.657986
0
0
0
0
0
0
0
0
0
0
0
0
0
0
0
0
0
0
0
0
0
0
0
0
0
0
0
0
0
0
0
0
0
0
0
0
0.340906
0.383784
0.357903
0.494312
0.681759
0.791562
0.79612
0.462407
0.497696
0.337275
0.194758
0.231163
0.759133
0.858638
0.880993
0.883415
0.858064
0.865203
0.837663
0.74132
0.633473
0.524993
0.316545
0
0
0.187665
0.331679
0.560518
0.571136
0.727165
0.774842
0.875413
0.839749
0.860002
0.862557
0.816456
0.727517
0.847946
0.773324
0.468976
0
0
0
0
0.129213
0.15319
0.124285
0.155311
0.101567
0.144724
0.199655
0.155262
0.206989
0.162135
0.186052
0
0.153134
0.59619
0.714442
0.871784
0.843345
0.712768
0.829087
0.859555
0.857328
0.859278
0.863229
0.860164
0.862401
0.844635
0.783126
0.845846
0.869316
0.870081
0.864906
0.865656
0.876823
0.767245
0.480846
0.162927
0.145899
0.300516
0.70503
0.793967
0.870536
0.871585
0.834438
0.586243
0.372112
0.211331
0.260076
0.161614
0.164449
0.183767
0.659828
0.727304
0.767118
0.846985
0.77206
0.844693
0.859905
0.862935
0.866866
0.65319
0.17582
0.193876
0.126233
0.164488
0.349
0.190387
0.314991
0
0
0
0
0.249952
0.274473
0.468245
0.644981
0.807229
0.774951
0.791108
0.827437
0.819748
0.818246
0.823783
0.807332
0.829735
0.833829
0.826035
0.831877
0.83503
0.831984
0.839757
0.774201
0.8496
0.836484
0.844418
0.842792
0.829896
0.831964
0.842606
0.776619
0.642705
0.253793
0.184122
0.143808
0.18432
0.206118
0.170454
0.12438
0.132328
0.355945
0
0
0
0
0
0
0
0
